
 9.641e+01 0.000e+00 6.951e+01 1.000e-01
 1.001e+02 6.461e-02 6.951e+01 1.000e-01
 1.038e+02 1.304e-01 6.951e+01 1.000e-01
 1.075e+02 1.977e-01 6.951e+01 1.000e-01
 1.112e+02 2.667e-01 6.951e+01 1.000e-01
 1.149e+02 3.375e-01 6.951e+01 1.000e-01
 1.187e+02 4.105e-01 6.951e+01 1.000e-01
 1.224e+02 4.856e-01 6.951e+01 1.000e-01
 1.261e+02 5.624e-01 6.951e+01 1.000e-01
 1.298e+02 6.404e-01 6.951e+01 1.000e-01
 1.335e+02 7.188e-01 6.951e+01 1.000e-01
 1.372e+02 7.968e-01 6.951e+01 1.000e-01
 1.409e+02 8.743e-01 6.951e+01 1.000e-01
 1.446e+02 9.513e-01 6.951e+01 1.000e-01
 1.483e+02 1.028e+00 6.951e+01 1.000e-01
 1.520e+02 1.105e+00 6.951e+01 1.000e-01
 1.557e+02 1.181e+00 6.951e+01 1.000e-01
 1.594e+02 1.258e+00 6.951e+01 1.000e-01
 1.631e+02 1.335e+00 6.951e+01 1.000e-01
 1.669e+02 1.412e+00 6.951e+01 1.000e-01
 1.706e+02 1.491e+00 6.951e+01 1.000e-01
 1.743e+02 1.570e+00 6.951e+01 1.000e-01
 1.780e+02 1.649e+00 6.951e+01 1.000e-01
 1.817e+02 1.729e+00 6.951e+01 1.000e-01
 1.854e+02 1.810e+00 6.951e+01 1.000e-01
 1.891e+02 1.892e+00 6.951e+01 1.000e-01
 1.928e+02 1.975e+00 6.951e+01 1.000e-01
 1.965e+02 2.059e+00 6.951e+01 1.000e-01
 2.002e+02 2.143e+00 6.951e+01 1.000e-01
 2.039e+02 2.227e+00 6.951e+01 1.000e-01
 2.076e+02 2.311e+00 6.951e+01 1.000e-01
 2.114e+02 2.396e+00 6.951e+01 1.000e-01
 2.151e+02 2.483e+00 6.951e+01 1.000e-01
 2.188e+02 2.574e+00 6.951e+01 1.000e-01
 2.225e+02 2.667e+00 6.951e+01 1.000e-01
 2.262e+02 2.764e+00 6.951e+01 1.000e-01
 2.299e+02 2.866e+00 6.951e+01 1.000e-01
 2.336e+02 2.973e+00 6.951e+01 1.000e-01
 2.373e+02 3.082e+00 6.951e+01 1.000e-01
 2.410e+02 4.743e-02 6.951e+01 1.000e-01