-413551.13
-318657.72
-120799.27
-112747.20
-127247.22
-138496.66
-142134.06
-143797.61
-145142.75
-146216.84
-146705.08
-146596.55
-146063.63
-145253.48
-144222.88
-142995.67
-141587.08
-140023.28
-138325.89
-136511.34
-134596.45
-132600.34
-130534.74
-128405.89
-126226.46
-124004.41
-121740.11
-119439.11
-117108.89
-114751.81
-112366.26
-109954.89
-107520.65
-105063.74
-102583.39
-100081.13
-97561.82
-95019.27
-92447.68
-89854.17
-87244.56
-84609.38
-81945.80
-79267.16
-76562.27
-73828.33
-71077.27
-68299.73
-65506.50
-62691.38
-59851.73
-56998.02
-54126.50
-51243.69
-48345.71
-45435.09
-42509.65
-39567.66
-36612.18
-33645.12
-30672.64
-27689.66
-24701.65
-21694.87
-18682.37
-15676.83
-12653.00
-9612.31
-6546.31
-3449.78
-319.27
2852.42
6084.41
9400.18
12825.43
16386.95
20065.90
23816.32
27389.28
30652.07
33621.49
36321.02
38788.89
41066.32
43147.15
45040.00
46791.74
48496.84
50087.53
51444.90
52721.80
53974.57
55160.42
56274.83
57327.73
58323.91
59253.68
60123.61
60944.93
61715.74
62425.21
63071.56
63652.19
64155.09
64578.79
64917.39
65155.63
65280.89
65281.80
65148.97
64874.72
64469.67
63924.63
63255.36
62417.25
61475.91
60380.87
59179.41
57847.70
56404.65
54886.70
53265.57
51668.01
49123.54
45595.37
39349.48
27586.02
1626.90

