69351.54
64394.37
65183.74
64064.01
63114.79
61579.57
59684.39
57508.16
55122.27
52562.11
49851.37
47002.87
44030.57
40948.39
37765.57
34490.97
31134.59
27707.00
24213.57
20657.75
17045.38
13388.54
9696.47
5975.10
2230.53
-1530.89
-5304.86
-9093.40
-12903.29
-16729.21
-20558.64
-24388.23
-28223.29
-32060.21
-35897.56
-39745.18
-43598.82
-47452.77
-51303.49
-55148.97
-58992.95
-62845.38
-66707.29
-70568.48
-74424.63
-78278.86
-82138.98
-86004.13
-89870.57
-93734.81
-97594.20
-101452.41
-105308.19
-109160.08
-113006.24
-116849.67
-120696.63
-124546.11
-128392.73
-132229.34
-136050.22
-139854.70
-143646.56
-147423.83
-151170.39
-154888.92
-158576.67
-162232.44
-165850.47
-169430.73
-172975.98
-176478.69
-179949.55
-183381.59
-186769.28
-190209.13
-193750.77
-197676.84
-201996.66
-206886.78
-211886.19
-216864.63
-221497.22
-225712.86
-229585.61
-233400.52
-237430.55
-242780.42
-252509.52
-268713.28
-288135.28
-304133.94
-314074.28
-319521.63
-323393.88
-340259.09
