0.00000000000
0.00014548389
0.00131451804
0.00275334646
0.00427873060
0.00593458116
0.00801233668
0.01055126820
0.01357773510
0.01707207970
0.02100031820
0.02532437440
0.03002292480
0.03507097440
0.04044628520
0.04612395170
0.05208124590
0.05829547720
0.06474261730
0.07140054550
0.07824848590
0.08526398240
0.09243496510
0.09974907340
0.10718754700
0.11474113900
0.12240038100
0.13015329800
0.13799229300
0.14591182800
0.15390770100
0.16197720200
0.17011909200
0.17833197100
0.18661350000
0.19495704800
0.20334844300
0.21180334700
0.22033901500
0.22893717900
0.23757660400
0.24628275600
0.25506946400
0.26389396200
0.27278554400
0.28175768300
0.29077416700
0.29986417300
0.30899104500
0.31817352800
0.32742211200
0.33670997600
0.34605068000
0.35542410600
0.36484172900
0.37429174800
0.38378018100
0.39330646400
0.40286818100
0.41247305300
0.42210760700
0.43179366000
0.44151458100
0.45131966500
0.46117827300
0.47106963400
0.48109379400
0.49128860200
0.50169098400
0.51235568500
0.52335208700
0.53476780700
0.54670846500
0.55930155500
0.57269793700
0.58705461000
0.60244411200
0.61869323300
0.63525515800
0.65157926100
0.66736239200
0.68244826800
0.69684344500
0.71064478200
0.72384768700
0.73646569300
0.74860674100
0.76027125100
0.77151352200
0.78240186000
0.79297459100
0.80323511400
0.81320148700
0.82289427500
0.83235299600
0.84161126600
0.85067480800
0.85955178700
0.86825001200
0.87677443000
0.88512325300
0.89330256000
0.90131104000
0.90912371900
0.91672372800
0.92408782200
0.93118345700
0.93797385700
0.94441485400
0.95046609600
0.95609241700
0.96126759100
0.96598035100
0.97023469200
0.97404593200
0.97743755600
0.98043978200
0.98308289100
0.98539531200
0.98740345200
0.98913139100
0.99060595000
0.99186343000
0.99298608300
0.99474716200
0.99650251900
0.99825298800
0.99999982100

