0.99999958300
0.99850606900
0.99699956200
0.99547100100
0.99391514100
0.99171894800
0.98887300500
0.98541873700
0.98141181500
0.97689217300
0.97189867500
0.96645784400
0.96060013800
0.95435416700
0.94774931700
0.94081056100
0.93356782200
0.92605316600
0.91829329700
0.91030901700
0.90212631200
0.89377141000
0.88525492000
0.87659651000
0.86782050100
0.85893887300
0.84996217500
0.84090024200
0.83175313500
0.82251250700
0.81319958000
0.80384326000
0.79443687200
0.78494775300
0.77540248600
0.76583015900
0.75616800800
0.74645066300
0.73668891200
0.72685986800
0.71698826600
0.70706164800
0.69705891600
0.68697983000
0.67685228600
0.66666919000
0.65642631100
0.64611536300
0.63573503500
0.62530738100
0.61483967300
0.60431671100
0.59372198600
0.58305674800
0.57234031000
0.56157773700
0.55075997100
0.53988391200
0.52894824700
0.51794904500
0.50689929700
0.49580591900
0.48466438100
0.47346976400
0.46221515500
0.45094558600
0.43961745500
0.42822289500
0.41674235500
0.40519014000
0.39357876800
0.38187071700
0.37008196100
0.35812121600
0.34590363500
0.33335205900
0.31993785500
0.30554655200
0.28892350200
0.26990014300
0.24757723500
0.22321949900
0.19807300000
0.17340165400
0.14964669900
0.12707243900
0.10585697000
0.08621681480
0.06832907350
0.05250640210
0.03874659540
0.02741861160
0.01810312460
0.01101465150
0.00561645767
0.00193420844
